a) Tamaño del proceso: 6880
b) Número de páginas: 54
c) Memoria asignada al proceso: 6912
Tabla de páginas:
No. de página	Marco físico	Válido
0		0		0
1		1		0
2		2		0
3		3		0
4		4		0
5		5		0
6		6		0
7		7		0
8		8		0
9		9		0
10		10		0
11		11		0
12		12		0
13		13		0
14		14		0
15		15		0
16		16		0
17		17		0
18		18		0
19		19		0
20		20		0
21		21		0
22		22		0
23		23		0
24		24		0
25		25		0
26		26		0
27		27		0
28		28		0
29		29		0
30		30		0
31		31		0
32		32		0
33		33		0
34		34		0
35		35		0
36		36		0
37		37		0
38		38		0
39		39		0
40		40		0
41		41		0
42		42		0
43		43		0
44		44		0
45		45		0
46		46		0
47		47		0
48		48		0
49		49		0
50		50		0
51		51		0
52		52		0
53		53		0
e) Mapeo de direcciones lógicas a físicas
	Dirección Lógica	No. De Página(p)	Desplazamiento(d)	Dirección Física	No. Fallo	
	0			0			0			0*128+0=0		*Fallo 1
	4			0			4			0*128+4=4
	208			1			80			1*128+80=208		*Fallo 2
	212			1			84			1*128+84=212
	212			1			84			1*128+84=212
	6888			53			104			2*128+104=360		*Fallo 3
	216			1			88			1*128+88=216
	6884			53			100			2*128+100=356
	220			1			92			1*128+92=220
	6880			53			96			2*128+96=352
	224			1			96			1*128+96=224
	228			1			100			1*128+100=228
	232			1			104			1*128+104=232
	6864			53			80			2*128+80=336
	236			1			108			1*128+108=236
	6864			53			80			2*128+80=336
	240			1			112			1*128+112=240
	244			1			116			1*128+116=244
	248			1			120			1*128+120=248
	252			1			124			1*128+124=252
	264			2			8			3*128+8=392		*Fallo 4
	6868			53			84			2*128+84=340
	268			2			12			3*128+12=396
	6868			53			84			2*128+84=340
	272			2			16			3*128+16=400
	276			2			20			3*128+20=404
	280			2			24			3*128+24=408
	284			2			28			3*128+28=412
	296			2			40			3*128+40=424
	6864			53			80			2*128+80=336
	300			2			44			3*128+44=428
	304			2			48			3*128+48=432
	308			2			52			3*128+52=436
	312			2			56			3*128+56=440
	316			2			60			3*128+60=444
	320			2			64			3*128+64=448
	324			2			68			3*128+68=452
	328			2			72			3*128+72=456
	332			2			76			3*128+76=460
	6868			53			84			2*128+84=340
	336			2			80			3*128+80=464
	340			2			84			3*128+84=468
	344			2			88			3*128+88=472
	348			2			92			3*128+92=476
	352			2			96			3*128+96=480
	6864			53			80			2*128+80=336
	356			2			100			3*128+100=484
	360			2			104			3*128+104=488
	360			2			104			3*128+104=488
Unexpected user mode exception 4 1040
Ticks: total 51, idle 0, system 10, user 41
Disk I/O: reads 0, writes 0
Console I/O: reads 0, writes 0
Paging: faults 5
Network I/O: packets received 0, sent 0
