a) Tamaño del proceso: 5920
b) Número de páginas: 47
c) Memoria asignada al proceso: 6016
Tabla de páginas:
No. de página	Marco físico	Válido
0		0		0
1		1		0
2		2		0
3		3		0
4		4		0
5		5		0
6		6		0
7		7		0
8		8		0
9		9		0
10		10		0
11		11		0
12		12		0
13		13		0
14		14		0
15		15		0
16		16		0
17		17		0
18		18		0
19		19		0
20		20		0
21		21		0
22		22		0
23		23		0
24		24		0
25		25		0
26		26		0
27		27		0
28		28		0
29		29		0
30		30		0
31		31		0
32		32		0
33		33		0
34		34		0
35		35		0
36		36		0
37		37		0
38		38		0
39		39		0
40		40		0
41		41		0
42		42		0
43		43		0
44		44		0
45		45		0
46		46		0
e) Mapeo de direcciones lógicas a físicas
	Dirección Lógica	No. De Página(p)	Desplazamiento(d)	Dirección Física	No. Fallo	
	0			0			0			0*128+0=0		*Fallo 1
	4			0			4			0*128+4=4
	208			1			80			1*128+80=208		*Fallo 2
	212			1			84			1*128+84=212
	212			1			84			1*128+84=212
	5992			46			104			2*128+104=360		*Fallo 3
	216			1			88			1*128+88=216
	5988			46			100			2*128+100=356
	220			1			92			1*128+92=220
	5984			46			96			2*128+96=352
	224			1			96			1*128+96=224
	228			1			100			1*128+100=228
	232			1			104			1*128+104=232
	5968			46			80			2*128+80=336
	236			1			108			1*128+108=236
	5968			46			80			2*128+80=336
	240			1			112			1*128+112=240
	244			1			116			1*128+116=244
	248			1			120			1*128+120=248
	252			1			124			1*128+124=252
	264			2			8			3*128+8=392		*Fallo 4
	5968			46			80			2*128+80=336
	268			2			12			3*128+12=396
	272			2			16			3*128+16=400
	276			2			20			3*128+20=404
	280			2			24			3*128+24=408
	284			2			28			3*128+28=412
	288			2			32			3*128+32=416
	292			2			36			3*128+36=420
	296			2			40			3*128+40=424
	5968			46			80			2*128+80=336
	300			2			44			3*128+44=428
	304			2			48			3*128+48=432
	308			2			52			3*128+52=436
	308			2			52			3*128+52=436
Unexpected user mode exception 4 784
Ticks: total 40, idle 0, system 10, user 30
Disk I/O: reads 0, writes 0
Console I/O: reads 0, writes 0
Paging: faults 5
Network I/O: packets received 0, sent 0
